"STEAM_0:0:71412553" "F1uffY" "Forwards" "221.673828" "265.666900" "305.868804" 4 72
"STEAM_0:0:186534330" "Lars" "Forwards" "219.016418" "278.127685" "311.677551" 2 89
"STEAM_0:1:194230025" "ClearLoVe" "Forwards" "208.720932" "287.845520" "323.203857" 2 93
