"STEAM_0:1:194230025" "ClearLoVe" "Forwards" "257.224365" "281.800415" "329.786895" 5 78
"STEAM_0:0:71412553" "F1uffY" "Forwards" "255.663208" "278.556335" "328.820831" 6 81
"STEAM_0:0:186534330" "Lars" "Forwards" "246.419601" "274.247833" "323.588165" 5 82
