"STEAM_0:0:71412553" "F1uffY" "Forwards" "263.505126" "287.345672" "341.900817" 8 75
"STEAM_0:1:194230025" "ClearLoVe" "Forwards" "260.299774" "287.328521" "341.134338" 6 78
