"STEAM_0:0:71412553" "F1uffY" "Forwards" "232.083984" "273.426483" "321.764587" 4 88
"STEAM_0:1:194230025" "ClearLoVe" "Forwards" "218.909423" "257.028991" "293.572113" 3 81
"STEAM_0:0:186534330" "Lars" "Forwards" "217.933898" "276.071624" "308.507324" 2 76
