"STEAM_0:0:71412553" "F1uffY" "Forwards" "254.466659" "275.271697" "336.558197" 7 86
"STEAM_0:1:194230025" "ClearLoVe" "Forwards" "249.381164" "275.085998" "321.704010" 7 62
"STEAM_0:0:186534330" "Lars" "Forwards" "246.803253" "272.979644" "319.771514" 5 71
