"STEAM_0:1:194230025" "ClearLoVe" "Forwards" "240.002258" "295.293701" "332.553558" 5 85
"STEAM_0:0:71412553" "F1uffY" "Forwards" "234.926513" "277.786499" "316.626922" 4 76
"STEAM_0:0:186534330" "Lars" "Forwards" "225.853668" "269.978912" "302.777191" 2 81
