"STEAM_0:1:194230025" "ClearLoVe" "Forwards" "233.819503" "293.322296" "329.157409" 4 85
"STEAM_0:0:186534330" "Lars" "Forwards" "223.582626" "281.015594" "320.094848" 3 82
"STEAM_0:0:71412553" "F1uffY" "Forwards" "211.048645" "247.549865" "292.854339" 6 82
